     0      1      0 
0.0001      1 -0.0001 
0.000814042      1 -0.000814042 
0.00325354 0.999995 -0.00325354 
0.00851113 0.999964 -0.00851106 
0.0170071 0.999855 -0.0170065 
0.028475 0.999595 -0.0284716 
0.0423075 0.999105 -0.0422957 
0.0578595 0.998327 -0.0578287 
0.0745932 0.997219 -0.0745262 
0.0921105 0.995761 -0.0919834 
0.110136 0.993941 -0.109918 
0.128487 0.991756 -0.128139 
0.147044 0.989208 -0.146521 
0.165731 0.986297 -0.164981 
0.1845 0.983027 -0.183463 
0.20332 0.9794 -0.201931 
0.222172 0.975419 -0.220359 
0.241044 0.971087 -0.238728 
0.259929 0.966405 -0.257025 
0.278822 0.961377 -0.275237 
0.29772 0.956004 -0.293356 
0.31662 0.950288 -0.311372 
0.335523 0.944233 -0.32928 
0.354427 0.937839 -0.34707 
0.373332 0.931111 -0.364738 
0.392237 0.924049 -0.382275 
0.411142 0.916657 -0.399677 
0.430048 0.908937 -0.416935 
0.448953 0.900892 -0.434045 
0.467859 0.892525 -0.450999 
0.486765 0.883839 -0.467792 
0.505671 0.874837 -0.484418 
0.524576 0.865522 -0.500871 
0.543482 0.855898 -0.517145 
0.562388 0.845968 -0.533234 
0.581294 0.835736 -0.549133 
0.6002 0.825205 -0.564835 
0.619106 0.814378 -0.580335 
0.638011 0.803261 -0.595628 
0.656917 0.791857 -0.610708 
0.675823 0.780169 -0.625569 
0.694729 0.768203 -0.640207 
0.713635 0.755962 -0.654616 
0.732541 0.743451 -0.668792 
0.751447 0.730674 -0.682728 
0.770352 0.717636 -0.69642 
0.789258 0.704341 -0.709863 
0.808164 0.690795 -0.723052 
0.82707 0.677001 -0.735983 
0.845976 0.662966 -0.748651 
0.864882 0.648693 -0.761051 
0.883787 0.634189 -0.773179 
0.902693 0.619458 -0.785031 
0.921599 0.604506 -0.796602 
0.940505 0.589337 -0.807888 
0.959411 0.573958 -0.818885 
0.978317 0.558374 -0.82959 
0.997223 0.54259 -0.839999 
1.01613 0.526612 -0.850107 
1.03503 0.510446 -0.859911 
1.05394 0.494098 -0.869407 
1.07285 0.477572 -0.878593 
1.09175 0.460876 -0.887465 
1.11066 0.444016 -0.89602 
1.12956 0.426996 -0.904254 
1.14847 0.409824 -0.912165 
1.16738 0.392506 -0.91975 
1.18628 0.375047 -0.927007 
1.20519 0.357454 -0.933932 
1.22409 0.339734 -0.940523 
 1.243 0.321891 -0.946778 
1.2619 0.303934 -0.952694 
1.28081 0.285869 -0.95827 
1.29972 0.267701 -0.963503 
1.31862 0.249437 -0.968392 
1.33753 0.231084 -0.972935 
1.35643 0.212649 -0.97713 
1.37534 0.194137 -0.980976 
1.39425 0.175556 -0.984471 
1.41315 0.156913 -0.987614 
1.43206 0.138213 -0.990404 
1.45096 0.119464 -0.99284 
1.46987 0.100672 -0.994921 
1.48877 0.0818441 -0.996646 
1.50768 0.062987 -0.998016 
1.52659 0.0441074 -0.999028 
1.54549 0.0252121 -0.999683 
1.5644 0.0063077 -0.999981 
1.5833 -0.0125989 -0.999922 
1.60221 -0.031501 -0.999505 
1.62112 -0.0503919 -0.998731 
1.64002 -0.0692647 -0.9976 
1.65893 -0.0881128 -0.996112 
1.67783 -0.106929 -0.994268 
1.69674 -0.125708 -0.992069 
1.71564 -0.144441 -0.989515 
1.73455 -0.163123 -0.986607 
1.75346 -0.181747 -0.983347 
1.77236 -0.200305 -0.979735 
1.79127 -0.218792 -0.975773 
1.81017 -0.237201 -0.971462 
1.82908 -0.255525 -0.966804 
1.84799 -0.273757 -0.9618 
1.86689 -0.291892 -0.956453 
1.8858 -0.309922 -0.950764 
1.9047 -0.327842 -0.944734 
1.92361 -0.345644 -0.938367 
1.94251 -0.363323 -0.931665 
1.96142 -0.380872 -0.924629 
1.98033 -0.398285 -0.917264 
1.99923 -0.415555 -0.90957 
2.01814 -0.432677 -0.901551 
2.03704 -0.449645 -0.893209 
2.05595 -0.466451 -0.884549 
2.07486 -0.483091 -0.875572 
2.09376 -0.499558 -0.866282 
2.11267 -0.515847 -0.856683 
2.13157 -0.531951 -0.846777 
2.15048 -0.547865 -0.836569 
2.16939 -0.563583 -0.826062 
2.18829 -0.579099 -0.815259 
2.2072 -0.594409 -0.804165 
2.2261 -0.609506 -0.792784 
2.24501 -0.624386 -0.781119 
2.26391 -0.639042 -0.769175 
2.28282 -0.653469 -0.756955 
2.30173 -0.667663 -0.744466 
2.32063 -0.681619 -0.73171 
2.33954 -0.695331 -0.718693 
2.35844 -0.708794 -0.705418 
2.37735 -0.722004 -0.691892 
2.39626 -0.734956 -0.678118 
2.41516 -0.747645 -0.664102 
2.43407 -0.760066 -0.649849 
2.45297 -0.772216 -0.635363 
2.47188 -0.784091 -0.62065 
2.49078 -0.795684 -0.605715 
2.50969 -0.806994 -0.590564 
2.5286 -0.818015 -0.575201 
2.5475 -0.828743 -0.559633 
2.56641 -0.839175 -0.543865 
2.58531 -0.849308 -0.527902 
2.60422 -0.859136 -0.511751 
2.62313 -0.868658 -0.495417 
2.64203 -0.877869 -0.478906 
2.66094 -0.886766 -0.462223 
2.67984 -0.895346 -0.445376 
2.69875 -0.903606 -0.428369 
2.71765 -0.911544 -0.411209 
2.73656 -0.919155 -0.393902 
2.75547 -0.926438 -0.376454 
2.77437 -0.933389 -0.358872 
2.79328 -0.940007 -0.341161 
2.81218 -0.946289 -0.323329 
2.83109 -0.952233 -0.30538 
  2.85 -0.957836 -0.287323 
2.8689 -0.963097 -0.269163 
2.88781 -0.968014 -0.250907 
2.90671 -0.972584 -0.232561 
2.92562 -0.976807 -0.214132 
2.94452 -0.980681 -0.195626 
2.96343 -0.984204 -0.17705 
2.98234 -0.987376 -0.158412 
3.00124 -0.990194 -0.139716 
3.02015 -0.992659 -0.120971 
3.03905 -0.994768 -0.102182 
3.05796 -0.996522 -0.0833569 
3.07687 -0.99792 -0.0645019 
3.09577 -0.998961 -0.0456238 
3.11468 -0.999645 -0.0267295 
3.13358 -0.999972 -0.00782557 
3.15249 -0.999941 0.0110811 
3.17139 -0.999553 0.0299839 
3.1903 -0.998808 0.0488759 
3.20921 -0.997705 0.0677505 
3.22811 -0.996246 0.0866008 
3.24702 -0.99443 0.10542 
3.26592 -0.99226 0.124202 
3.28483 -0.989734 0.142939 
3.30374 -0.986855 0.161625 
3.32264 -0.983623 0.180254 
3.34155 -0.980039 0.198818 
3.36045 -0.976105 0.217311 
3.37936 -0.971822 0.235726 
3.39826 -0.967192 0.254057 
3.41717 -0.962216 0.272297 
3.43608 -0.956896 0.29044 
3.45498 -0.951234 0.308479 
3.47389 -0.945232 0.326408 
3.49279 -0.938892 0.34422 
3.5117 -0.932217 0.361909 
3.53061 -0.925208 0.379469 
3.54951 -0.917868 0.396893 
3.56842 -0.910201 0.414175 
3.58732 -0.902208 0.431309 
3.60623 -0.893892 0.448289 
3.62513 -0.885257 0.465108 
3.64404 -0.876306 0.481762 
3.66295 -0.867041 0.498243 
3.68185 -0.857466 0.514546 
3.70076 -0.847585 0.530665 
3.71966 -0.837401 0.546595 
3.73857 -0.826918 0.562329 
3.75748 -0.816138 0.577862 
3.77638 -0.805068 0.593188 
3.79529 -0.793709 0.608303 
3.81419 -0.782067 0.6232 
3.8331 -0.770145 0.637874 
 3.852 -0.757948 0.65232 
3.87091 -0.74548 0.666533 
3.88982 -0.732745 0.680508 
3.90872 -0.719748 0.69424 
3.92763 -0.706495 0.707723 
3.94653 -0.692988 0.720953 
3.96544 -0.679234 0.733926 
3.98435 -0.665237 0.746636 
4.00325 -0.651003 0.75908 
4.02216 -0.636535 0.771252 
4.04106 -0.62184 0.783148 
4.05997 -0.606923 0.794765 
4.07887 -0.591789 0.806097 
4.09778 -0.576443 0.817141 
4.11669 -0.560891 0.827893 
4.13559 -0.545139 0.83835 
4.1545 -0.529192 0.848506 
4.1734 -0.513056 0.858359 
4.19231 -0.496736 0.867906 
4.21122 -0.480239 0.877142 
4.23012 -0.46357 0.886064 
4.24903 -0.446735 0.89467 
4.26793 -0.429741 0.902956 
4.28684 -0.412593 0.910919 
4.30574 -0.395298 0.918557 
4.32465 -0.377861 0.925866 
4.34356 -0.360289 0.932845 
4.36246 -0.342589 0.939489 
4.38137 -0.324765 0.945798 
4.40027 -0.306826 0.951769 
4.41918 -0.288777 0.9574 
4.43809 -0.270625 0.962689 
4.45699 -0.252377 0.967633 
4.4759 -0.234038 0.972231 
4.4948 -0.215615 0.976482 
4.51371 -0.197115 0.980384 
4.53261 -0.178545 0.983936 
4.55152 -0.159911 0.987135 
4.57043 -0.14122 0.989982 
4.58933 -0.122478 0.992475 
4.60824 -0.103693 0.994613 
4.62714 -0.0848702 0.996396 
4.64605 -0.0660173 0.997822 
4.66496 -0.0471408 0.998892 
4.68386 -0.0282475 0.999605 
4.70277 -0.00934412 0.99996 
4.72167 0.00956263 0.999958 
4.74058 0.028466 0.999599 
4.75948 0.0473591 0.998882 
4.77839 0.0662353 0.997808 
4.7973 0.0850879 0.996377 
4.8162 0.10391 0.994591 
4.83511 0.122695 0.992448 
4.85401 0.141436 0.989951 
4.87292 0.160127 0.987101 
4.89183 0.17876 0.983897 
4.91073 0.19733 0.980341 
4.92964 0.215828 0.976436 
4.94854 0.23425 0.972181 
4.96745 0.252588 0.967578 
4.98635 0.270836 0.96263 
5.00526 0.288987 0.957337 
5.02417 0.307034 0.951703 
5.04307 0.324972 0.945728 
5.06198 0.342794 0.939415 
5.08088 0.360493 0.932766 
5.09979 0.378063 0.925784 
5.1187 0.395499 0.918471 
5.1376 0.412792 0.91083 
5.15651 0.429939 0.902863 
5.17541 0.446931 0.894573 
5.19432 0.463764 0.885964 
5.21322 0.480431 0.877038 
5.23213 0.496926 0.867798 
5.25104 0.513244 0.858248 
5.26994 0.529378 0.848391 
5.28885 0.545323 0.838231 
5.30775 0.561073 0.827772 
5.32666 0.576622 0.817016 
5.34557 0.591966 0.805969 
5.36447 0.607097 0.794633 
5.38338 0.622012 0.783013 
5.40228 0.636704 0.771114 
5.42119 0.651169 0.758939 
5.44009 0.665401 0.746492 
 5.459 0.679395 0.733779 
5.47791 0.693147 0.720803 
5.49681 0.70665 0.70757 
5.51572 0.719901 0.694083 
5.53462 0.732895 0.680349 
5.55353 0.745626 0.666372 
5.57244 0.758091 0.652156 
5.59134 0.770285 0.637707 
5.61025 0.782204 0.62303 
5.62915 0.793843 0.60813 
5.64806 0.805198 0.593014 
5.66696 0.816266 0.577685 
5.68587 0.827042 0.562149 
5.70478 0.837522 0.546413 
5.72368 0.847702 0.530481 
5.74259 0.85758 0.51436 
5.76149 0.867151 0.498055 
5.7804 0.876412 0.481571 
5.79931 0.88536 0.464916 
5.81821 0.893992 0.448094 
5.83712 0.902303 0.431113 
5.85602 0.910293 0.413977 
5.87493 0.917957 0.396693 
5.89383 0.925292 0.379267 
5.91274 0.932297 0.361706 
5.93165 0.938969 0.344016 
5.95055 0.945305 0.326202 
5.96946 0.951303 0.308272 
5.98836 0.956962 0.290232 
6.00727 0.962278 0.272088 
6.02618 0.96725 0.253847 
6.04508 0.971876 0.235515 
6.06399 0.976155 0.217098 
6.08289 0.980085 0.198605 
6.1018 0.983665 0.18004 
6.1207 0.986893 0.161411 
6.13961 0.989768 0.142724 
6.15852 0.992289 0.123986 
6.17742 0.994456 0.105204 
6.19633 0.996267 0.0863839 
6.21523 0.997722 0.0675333 
6.23414 0.998821 0.0486584 
6.25305 0.999562 0.0297662 
6.27195 0.999946 0.0108633 
6.28319 1.00001 -0.000371198 
