        -4         -1         -1         -1        nan
    -3.875         -1         -1         -1   0.412196
     -3.75         -1         -1         -1   0.267866
    -3.625         -1         -1         -1   0.245277
      -3.5  -0.999999  -0.999999  -0.999999   0.270088
    -3.375  -0.999998  -0.999998  -0.999998   0.347084
     -3.25  -0.999996  -0.999996  -0.999996   0.536251
    -3.125   -0.99999   -0.99999   -0.99999    1.16685
        -3  -0.999978  -0.999978  -0.999978        nan
    -2.875  -0.999952  -0.999952  -0.999952   -1.59726
     -2.75  -0.999899  -0.999899  -0.999899    -1.0045
    -2.625  -0.999795  -0.999795  -0.999795  -0.889131
      -2.5  -0.999593  -0.999593  -0.999593  -0.945309
    -2.375  -0.999217  -0.999217  -0.999217   -1.17141
     -2.25  -0.998537  -0.998537  -0.998537   -1.74281
    -2.125  -0.997346  -0.997346  -0.997346   -3.64642
        -2  -0.995322  -0.995322  -0.995322        nan
    -1.875   -0.99199   -0.99199   -0.99199    4.59212
     -1.75  -0.986672  -0.986672  -0.986672    2.76237
    -1.625  -0.978444  -0.978444  -0.978444    2.33397
      -1.5  -0.966105  -0.966105  -0.966105    2.36327
    -1.375   -0.94817   -0.94817   -0.94817     2.7821
     -1.25    -0.9229    -0.9229    -0.9229    3.92133
    -1.125  -0.888388  -0.888388  -0.888388    7.74864
        -1  -0.842701  -0.842701  -0.842701        nan
    -0.875  -0.784075  -0.784075  -0.784075   -8.61022
     -0.75  -0.711156  -0.711156  -0.711156   -4.83415
    -0.625  -0.623241  -0.623241  -0.623241    -3.7927
      -0.5    -0.5205    -0.5205    -0.5205   -3.54491
    -0.375  -0.404117  -0.404117  -0.404117   -3.82538
     -0.25  -0.276326  -0.276326  -0.276326   -4.90167
    -0.125  -0.140316  -0.140316  -0.140316   -8.71722
         0          0          0      1e-09        inf
     0.125   0.140316   0.140316   0.140316    7.53394
      0.25   0.276326   0.276326   0.276326    3.62561
     0.375   0.404117   0.404117   0.404117    2.37044
       0.5     0.5205     0.5205     0.5205    1.77245
     0.625   0.623241   0.623241   0.623241    1.43452
      0.75   0.711156   0.711156   0.711156    1.22542
     0.875   0.784075   0.784075   0.784075    1.08965
         1   0.842701   0.842701   0.842701          1
     1.125   0.888388   0.888388   0.888388   0.941743
      1.25     0.9229     0.9229     0.9229   0.906402
     1.375    0.94817    0.94817    0.94817   0.888914
       1.5   0.966105   0.966105   0.966105   0.886227
     1.625   0.978444   0.978444   0.978444   0.896574
      1.75   0.986672   0.986672   0.986672   0.919063
     1.875    0.99199    0.99199    0.99199   0.953446
         2   0.995322   0.995322   0.995322          1
     2.125   0.997346   0.997346   0.997346    1.05946
      2.25   0.998537   0.998537   0.998537      1.133
     2.375   0.999217   0.999217   0.999217    1.22226
       2.5   0.999593   0.999593   0.999593    1.32934
     2.625   0.999795   0.999795   0.999795    1.45693
      2.75   0.999899   0.999899   0.999899    1.60836
     2.875   0.999952   0.999952   0.999952    1.78771
         3   0.999978   0.999978   0.999978          2
     3.125    0.99999    0.99999    0.99999    2.25135
      3.25   0.999996   0.999996   0.999996    2.54926
     3.375   0.999998   0.999998   0.999998    2.90286
       3.5   0.999999   0.999999   0.999999    3.32335
     3.625          1          1          1    3.82445
      3.75          1          1          1    4.42299
     3.875          1          1          1    5.13967
         4          1          1          1          6
