 1e-07  1e-07      1 
0.0010001 0.0009991  0.998 
0.00234323 0.00233774 0.99532 
0.00384761 0.00383283 0.992325 
0.00543136 0.00540193 0.989179 
0.0070528 0.00700322 0.985966 
0.0086905 0.00861528 0.982729 
0.0103336 0.0102274 0.979489 
0.011977 0.0118344 0.976256 
0.0136184 0.0134342 0.973036 
0.015257 0.0150259 0.969829 
0.0168926 0.0166096 0.966636 
0.0185256 0.0181854 0.963455 
0.0201562 0.0197539 0.960287 
0.021785 0.0213154 0.957131 
0.0234122 0.0228703 0.953985 
0.0250381 0.0244189 0.950849 
0.0266631 0.0259615 0.947723 
0.0282874 0.0274983 0.944606 
0.0299112 0.0290296 0.941497 
0.0315345 0.0305555 0.938397 
0.0331577 0.0320761 0.935305 
0.0347807 0.0335916 0.932221 
0.0364037 0.0351021 0.929144 
0.0380268 0.0366077 0.926074 
0.03965 0.0381084 0.923012 
0.0412734 0.0396044 0.919957 
0.042897 0.0410956 0.916909 
0.044521 0.0425821 0.913868 
0.0461453 0.044064 0.910834 
0.04777 0.0455414 0.907806 
0.049395 0.0470142 0.904786 
0.0510205 0.0484825 0.901771 
0.0526465 0.0499463 0.898764 
0.054273 0.0514057 0.895763 
0.0559 0.0528606 0.892768 
0.0575275 0.0543112 0.889779 
0.0591556 0.0557574 0.886797 
0.0607843 0.0571993 0.883822 
0.0624135 0.0586368 0.880852 
0.0640434 0.06007 0.877889 
0.0656738 0.061499 0.874932 
0.067305 0.0629237 0.871981 
0.0689367 0.0643442 0.869036 
0.0705692 0.0657604 0.866097 
0.0722023 0.0671724 0.863165 
0.073836 0.0685803 0.860238 
0.0754705 0.0699839 0.857318 
0.0771057 0.0713834 0.854403 
0.0787416 0.0727788 0.851495 
0.0803783 0.07417 0.848592 
0.0820156 0.0755571 0.845695 
0.0836538 0.0769401 0.842804 
0.0852927 0.0783189 0.839919 
0.0869323 0.0796938 0.83704 
0.0885727 0.0810645 0.834167 
0.0902139 0.0824312 0.831299 
0.0918559 0.0837938 0.828437 
0.0934987 0.0851524 0.825581 
0.0951423 0.086507 0.822731 
0.0967867 0.0878576 0.819887 
0.098432 0.0892041 0.817048 
0.100078 0.0905467 0.814215 
0.101725 0.0918853 0.811387 
0.103373 0.0932199 0.808566 
0.105021 0.0945506 0.805749 
0.106671 0.0958773 0.802939 
0.108321 0.0972001 0.800134 
0.109972 0.098519 0.797335 
0.111624 0.0998339 0.794541 
0.113277 0.101145 0.791753 
0.114931 0.102452 0.78897 
0.116586 0.103755 0.786193 
0.118242 0.105055 0.783421 
0.119898 0.10635 0.780655 
0.121556 0.107642 0.777895 
0.123214 0.10893 0.77514 
0.124873 0.110214 0.77239 
0.126534 0.111494 0.769646 
0.128195 0.11277 0.766907 
0.129857 0.114043 0.764173 
0.13152 0.115311 0.761445 
0.133184 0.116576 0.758722 
0.13485 0.117837 0.756005 
0.136516 0.119094 0.753293 
0.138183 0.120348 0.750586 
0.139851 0.121598 0.747885 
0.14152 0.122844 0.745189 
0.14319 0.124086 0.742498 
0.144861 0.125325 0.739813 
0.146533 0.126559 0.737133 
0.148206 0.12779 0.734458 
0.14988 0.129018 0.731788 
0.151556 0.130242 0.729124 
0.153232 0.131461 0.726464 
0.154909 0.132678 0.72381 
0.156588 0.13389 0.721162 
0.158267 0.135099 0.718518 
0.159947 0.136304 0.715879 
0.161629 0.137506 0.713246 
0.163312 0.138704 0.710618 
0.164995 0.139898 0.707995 
0.16668 0.141089 0.705377 
0.168366 0.142276 0.702764 
0.170053 0.143459 0.700156 
0.171742 0.144639 0.697553 
0.173431 0.145815 0.694955 
0.175121 0.146988 0.692363 
0.176813 0.148157 0.689775 
0.178506 0.149322 0.687192 
0.1802 0.150484 0.684615 
0.181895 0.151643 0.682042 
0.183591 0.152797 0.679475 
0.185288 0.153948 0.676912 
0.186987 0.155096 0.674354 
0.188687 0.15624 0.671802 
0.190388 0.157381 0.669254 
0.19209 0.158518 0.666711 
0.193793 0.159651 0.664173 
0.195498 0.160781 0.66164 
0.197204 0.161908 0.659112 
0.198911 0.163031 0.656589 
0.200619 0.16415 0.65407 
0.202328 0.165266 0.651557 
0.204039 0.166379 0.649048 
0.205751 0.167488 0.646544 
0.207465 0.168593 0.644045 
0.209179 0.169695 0.641551 
0.210895 0.170794 0.639061 
0.212612 0.171889 0.636577 
0.214331 0.172981 0.634097 
0.21605 0.17407 0.631621 
0.217772 0.175155 0.629151 
0.219494 0.176236 0.626685 
0.221218 0.177314 0.624224 
0.222943 0.178389 0.621768 
0.224669 0.17946 0.619317 
0.226397 0.180528 0.61687 
0.228126 0.181593 0.614428 
0.229857 0.182654 0.61199 
0.231589 0.183712 0.609558 
0.233322 0.184766 0.607129 
0.235056 0.185817 0.604706 
0.236793 0.186865 0.602287 
0.23853 0.187909 0.599873 
0.240269 0.18895 0.597463 
0.242009 0.189988 0.595058 
0.243751 0.191022 0.592658 
0.245494 0.192053 0.590262 
0.247239 0.193081 0.58787 
0.248985 0.194105 0.585484 
0.250732 0.195126 0.583101 
0.252481 0.196144 0.580724 
0.254232 0.197159 0.578351 
0.255984 0.19817 0.575982 
0.257738 0.199178 0.573618 
0.259493 0.200182 0.571258 
0.261249 0.201184 0.568903 
0.263007 0.202182 0.566552 
0.264767 0.203177 0.564206 
0.266528 0.204168 0.561864 
0.268291 0.205157 0.559527 
0.270055 0.206142 0.557194 
0.271821 0.207124 0.554865 
0.273588 0.208102 0.552541 
0.275357 0.209078 0.550221 
0.277128 0.21005 0.547906 
0.2789 0.211019 0.545595 
0.280674 0.211985 0.543288 
0.282449 0.212947 0.540986 
0.284226 0.213906 0.538688 
0.286005 0.214863 0.536394 
0.287786 0.215816 0.534105 
0.289568 0.216765 0.53182 
0.291351 0.217712 0.529539 
0.293137 0.218655 0.527263 
0.294924 0.219596 0.524991 
0.296713 0.220533 0.522723 
0.298503 0.221467 0.52046 
0.300296 0.222397 0.5182 
0.30209 0.223325 0.515945 
0.303886 0.22425 0.513695 
0.305683 0.225171 0.511448 
0.307482 0.226089 0.509206 
0.309283 0.227004 0.506967 
0.311086 0.227916 0.504733 
0.312891 0.228825 0.502504 
0.314697 0.229731 0.500278 
0.316506 0.230633 0.498057 
0.318316 0.231533 0.495839 
0.320128 0.232429 0.493626 
0.321941 0.233323 0.491417 
0.323757 0.234213 0.489212 
0.325575 0.2351 0.487012 
0.327394 0.235984 0.484815 
0.329215 0.236865 0.482623 
0.331039 0.237743 0.480434 
0.332864 0.238618 0.47825 
0.334691 0.23949 0.476069 
0.33652 0.240358 0.473893 
0.338351 0.241224 0.471721 
0.340184 0.242087 0.469553 
0.342018 0.242946 0.467389 
0.343855 0.243803 0.465229 
0.345694 0.244656 0.463073 
0.347535 0.245507 0.460921 
0.349378 0.246354 0.458773 
0.351223 0.247199 0.456629 
0.35307 0.24804 0.454489 
0.354919 0.248878 0.452353 
0.35677 0.249714 0.45022 
0.358623 0.250546 0.448092 
0.360478 0.251375 0.445968 
0.362335 0.252202 0.443848 
0.364195 0.253025 0.441731 
0.366056 0.253846 0.439619 
0.36792 0.254663 0.437511 
0.369786 0.255477 0.435406 
0.371654 0.256289 0.433305 
0.373524 0.257097 0.431208 
0.375397 0.257902 0.429115 
0.377271 0.258705 0.427026 
0.379148 0.259504 0.424941 
0.381027 0.260301 0.42286 
0.382909 0.261095 0.420782 
0.384792 0.261885 0.418708 
0.386678 0.262673 0.416639 
0.388566 0.263458 0.414573 
0.390457 0.264239 0.41251 
0.392349 0.265018 0.410452 
0.394244 0.265794 0.408397 
0.396142 0.266567 0.406346 
0.398041 0.267337 0.404299 
0.399944 0.268104 0.402256 
0.401848 0.268868 0.400216 
0.403755 0.269629 0.398181 
0.405664 0.270388 0.396149 
0.407576 0.271143 0.39412 
0.40949 0.271896 0.392096 
0.411407 0.272645 0.390075 
0.413326 0.273392 0.388058 
0.415247 0.274135 0.386044 
0.417171 0.274876 0.384035 
0.419098 0.275614 0.382028 
0.421027 0.276349 0.380026 
0.422959 0.277081 0.378027 
0.424893 0.277811 0.376032 
0.42683 0.278537 0.374041 
0.428769 0.27926 0.372053 
0.430711 0.279981 0.370069 
0.432655 0.280699 0.368089 
0.434603 0.281414 0.366112 
0.436552 0.282125 0.364139 
0.438505 0.282835 0.362169 
0.44046 0.283541 0.360203 
0.442418 0.284244 0.358241 
0.444378 0.284944 0.356282 
0.446342 0.285642 0.354327 
0.448308 0.286337 0.352375 
0.450277 0.287029 0.350427 
0.452248 0.287718 0.348483 
0.454223 0.288404 0.346542 
0.4562 0.289087 0.344605 
0.45818 0.289767 0.342671 
0.460163 0.290445 0.340741 
0.462148 0.29112 0.338814 
0.464137 0.291791 0.336891 
0.466129 0.29246 0.334971 
0.468123 0.293127 0.333055 
0.47012 0.29379 0.331142 
0.472121 0.29445 0.329233 
0.474124 0.295108 0.327327 
0.47613 0.295763 0.325425 
0.478139 0.296415 0.323526 
0.480152 0.297064 0.321631 
0.482167 0.29771 0.319739 
0.484185 0.298354 0.317851 
0.486207 0.298994 0.315966 
0.488231 0.299632 0.314085 
0.490259 0.300267 0.312207 
0.49229 0.300899 0.310332 
0.494324 0.301528 0.308461 
0.496361 0.302155 0.306593 
0.498401 0.302778 0.304729 
0.500444 0.303399 0.302868 
0.502491 0.304017 0.301011 
0.504541 0.304632 0.299157 
0.506594 0.305245 0.297306 
0.508651 0.305854 0.295459 
0.51071 0.306461 0.293615 
0.512774 0.307065 0.291775 
0.51484 0.307666 0.289937 
0.51691 0.308264 0.288104 
0.518983 0.308859 0.286273 
0.52106 0.309452 0.284446 
0.52314 0.310042 0.282623 
0.525223 0.310629 0.280802 
0.52731 0.311213 0.278985 
0.529401 0.311794 0.277172 
0.531494 0.312372 0.275361 
0.533592 0.312948 0.273554 
0.535693 0.313521 0.271751 
0.537798 0.314091 0.26995 
0.539906 0.314658 0.268153 
0.542017 0.315223 0.266359 
0.544133 0.315784 0.264569 
0.546252 0.316343 0.262782 
0.548375 0.316899 0.260998 
0.550501 0.317452 0.259217 
0.552631 0.318002 0.25744 
0.554765 0.31855 0.255666 
0.556903 0.319094 0.253895 
0.559045 0.319636 0.252128 
0.56119 0.320175 0.250364 
0.563339 0.320711 0.248603 
0.565492 0.321245 0.246845 
0.567649 0.321775 0.245091 
0.56981 0.322303 0.24334 
0.571975 0.322828 0.241592 
0.574143 0.32335 0.239847 
0.576316 0.323869 0.238105 
0.578493 0.324385 0.236367 
0.580674 0.324899 0.234632 
0.582858 0.32541 0.232901 
0.585047 0.325918 0.231172 
0.58724 0.326423 0.229447 
0.589437 0.326925 0.227725 
0.591639 0.327424 0.226006 
0.593844 0.327921 0.22429 
0.596054 0.328415 0.222578 
0.598268 0.328905 0.220869 
0.600486 0.329393 0.219163 
0.602708 0.329879 0.21746 
0.604935 0.330361 0.21576 
0.607166 0.33084 0.214064 
0.609401 0.331317 0.212371 
0.611641 0.331791 0.210681 
0.613885 0.332262 0.208994 
0.616134 0.33273 0.20731 
0.618387 0.333195 0.20563 
0.620645 0.333657 0.203952 
0.622907 0.334117 0.202278 
0.625174 0.334573 0.200607 
0.627445 0.335027 0.198939 
0.629721 0.335478 0.197275 
0.632001 0.335926 0.195613 
0.634287 0.336371 0.193955 
0.636577 0.336813 0.1923 
0.638871 0.337253 0.190648 
0.641171 0.337689 0.188999 
0.643475 0.338123 0.187354 
0.645784 0.338554 0.185711 
0.648097 0.338981 0.184072 
0.650416 0.339406 0.182436 
0.65274 0.339828 0.180803 
0.655068 0.340247 0.179173 
0.657401 0.340663 0.177547 
0.65974 0.341077 0.175923 
0.662083 0.341487 0.174303 
0.664432 0.341895 0.172685 
0.666785 0.342299 0.171071 
0.669144 0.342701 0.169461 
0.671508 0.343099 0.167853 
0.673877 0.343495 0.166248 
0.676251 0.343888 0.164647 
0.678631 0.344278 0.163048 
0.681015 0.344665 0.161453 
0.683405 0.345049 0.159861 
0.685801 0.34543 0.158272 
0.688201 0.345808 0.156687 
0.690608 0.346183 0.155104 
0.693019 0.346555 0.153525 
0.695436 0.346924 0.151948 
0.697859 0.34729 0.150375 
0.700287 0.347654 0.148805 
0.702721 0.348014 0.147239 
0.70516 0.348371 0.145675 
0.707605 0.348725 0.144114 
0.710055 0.349077 0.142557 
0.712512 0.349425 0.141003 
0.714974 0.34977 0.139452 
0.717442 0.350112 0.137904 
0.719915 0.350452 0.136359 
0.722395 0.350788 0.134818 
0.72488 0.351121 0.133279 
0.727372 0.351451 0.131744 
0.729869 0.351778 0.130212 
0.732372 0.352102 0.128683 
0.734882 0.352423 0.127157 
0.737397 0.352741 0.125634 
0.739919 0.353056 0.124115 
0.742447 0.353368 0.122599 
0.744981 0.353676 0.121086 
0.747521 0.353982 0.119576 
0.750067 0.354285 0.118069 
0.75262 0.354584 0.116565 
0.755179 0.354881 0.115065 
0.757745 0.355174 0.113568 
0.760317 0.355464 0.112074 
0.762895 0.355751 0.110583 
0.76548 0.356035 0.109095 
0.768072 0.356316 0.107611 
0.77067 0.356593 0.10613 
0.773275 0.356868 0.104652 
0.775886 0.357139 0.103177 
0.778504 0.357408 0.101705 
0.781129 0.357673 0.100237 
0.783761 0.357934 0.0987714 
0.7864 0.358193 0.0973094 
0.789045 0.358449 0.0958506 
0.791698 0.358701 0.0943951 
0.794357 0.35895 0.0929427 
0.797024 0.359196 0.0914937 
0.799698 0.359439 0.0900478 
0.802378 0.359678 0.0886052 
0.805066 0.359914 0.0871658 
0.807762 0.360147 0.0857297 
0.810464 0.360377 0.0842968 
0.813174 0.360604 0.0828672 
0.815891 0.360827 0.0814409 
0.818616 0.361047 0.0800178 
0.821348 0.361263 0.078598 
0.824087 0.361477 0.0771815 
0.826834 0.361687 0.0757682 
0.829589 0.361894 0.0743582 
0.832351 0.362097 0.0729516 
0.835121 0.362297 0.0715482 
0.837899 0.362494 0.0701481 
0.840685 0.362688 0.0687514 
0.843479 0.362878 0.0673579 
0.84628 0.363064 0.0659678 
0.849089 0.363248 0.064581 
0.851907 0.363428 0.0631975 
0.854733 0.363604 0.0618174 
0.857566 0.363778 0.0604406 
0.860408 0.363947 0.0590672 
0.863258 0.364114 0.0576971 
0.866117 0.364277 0.0563304 
0.868983 0.364436 0.054967 
0.871859 0.364592 0.053607 
0.874742 0.364745 0.0522504 
0.877635 0.364894 0.0508972 
0.880535 0.36504 0.0495474 
0.883445 0.365182 0.048201 
0.886363 0.365321 0.046858 
0.88929 0.365456 0.0455185 
0.892226 0.365588 0.0441823 
0.89517 0.365716 0.0428496 
0.898124 0.36584 0.0415203 
0.901086 0.365961 0.0401945 
0.904058 0.366079 0.0388722 
0.907039 0.366193 0.0375533 
0.910029 0.366303 0.0362378 
0.913028 0.36641 0.0349259 
0.916036 0.366513 0.0336174 
0.919054 0.366612 0.0323125 
0.922082 0.366708 0.031011 
0.925119 0.3668 0.0297131 
0.928165 0.366889 0.0284186 
0.931221 0.366974 0.0271278 
0.934287 0.367055 0.0258404 
0.937363 0.367132 0.0245566 
0.940449 0.367206 0.0232764 
0.943544 0.367276 0.0219997 
0.94665 0.367343 0.0207266 
0.949765 0.367405 0.0194571 
0.952891 0.367464 0.0181912 
0.956027 0.367519 0.016929 
0.959173 0.36757 0.0156703 
0.96233 0.367618 0.0144152 
0.965497 0.367662 0.0131638 
0.968675 0.367701 0.0119161 
0.971863 0.367737 0.010672 
0.975062 0.36777 0.00943156 
0.978272 0.367798 0.00819481 
0.981492 0.367822 0.00696176 
0.984724 0.367843 0.0057324 
0.987966 0.367859 0.00450676 
0.99122 0.367872 0.00328485 
0.994484 0.367881 0.00206667 
0.99776 0.367885 0.000852243 
1.00105 0.367886 -0.000358427 
1.00435 0.367883 -0.00156533 
1.00766 0.367876 -0.00276844 
1.01098 0.367865 -0.00396776 
1.01431 0.36785 -0.00516328 
1.01766 0.36783 -0.00635497 
1.02102 0.367807 -0.00754283 
1.02438 0.367779 -0.00872685 
1.02777 0.367748 -0.00990701 
1.03116 0.367712 -0.0110833 
1.03456 0.367673 -0.0122557 
1.03798 0.367629 -0.0134242 
1.04141 0.367581 -0.0145888 
1.04486 0.367528 -0.0157495 
1.04831 0.367472 -0.0169062 
1.05178 0.367411 -0.018059 
1.05526 0.367346 -0.0192078 
1.05876 0.367277 -0.0203527 
1.06226 0.367204 -0.0214935 
1.06578 0.367126 -0.0226304 
1.06932 0.367044 -0.0237632 
1.07286 0.366958 -0.024892 
1.07642 0.366867 -0.0260167 
  1.08 0.366772 -0.0271374 
1.08359 0.366673 -0.028254 
1.08719 0.366569 -0.0293665 
1.0908 0.366461 -0.0304748 
1.09443 0.366348 -0.0315791 
1.09808 0.366231 -0.0326792 
1.10173 0.36611 -0.0337751 
1.10541 0.365984 -0.0348669 
1.10909 0.365853 -0.0359545 
1.11279 0.365718 -0.0370378 
1.11651 0.365578 -0.038117 
1.12024 0.365434 -0.0391919 
1.12399 0.365285 -0.0402625 
1.12775 0.365132 -0.0413288 
1.13153 0.364974 -0.0423909 
1.13532 0.364811 -0.0434487 
1.13913 0.364644 -0.0445021 
1.14295 0.364471 -0.0455511 
1.14679 0.364295 -0.0465958 
1.15064 0.364113 -0.0476362 
1.15451 0.363927 -0.0486721 
1.1584 0.363735 -0.0497036 
1.1623 0.363539 -0.0507306 
1.16623 0.363338 -0.0517532 
1.17016 0.363133 -0.0527713 
1.17412 0.362922 -0.0537849 
1.17809 0.362706 -0.054794 
1.18208 0.362486 -0.0557985 
1.18608 0.36226 -0.0567985 
1.1901 0.36203 -0.0577939 
1.19414 0.361794 -0.0587847 
1.1982 0.361554 -0.0597709 
1.20228 0.361308 -0.0607524 
1.20637 0.361057 -0.0617293 
1.21049 0.360801 -0.0627015 
1.21462 0.36054 -0.063669 
1.21877 0.360274 -0.0646317 
1.22294 0.360003 -0.0655897 
1.22712 0.359726 -0.0665429 
1.23133 0.359444 -0.0674913 
1.23556 0.359157 -0.0684349 
1.2398 0.358864 -0.0693736 
1.24407 0.358566 -0.0703075 
1.24835 0.358263 -0.0712364 
1.25266 0.357954 -0.0721605 
1.25699 0.35764 -0.0730796 
1.26133 0.35732 -0.0739937 
1.2657 0.356995 -0.0749028 
1.27009 0.356664 -0.0758069 
1.2745 0.356328 -0.076706 
1.27893 0.355986 -0.0776 
1.28339 0.355639 -0.0784889 
1.28786 0.355285 -0.0793727 
1.29236 0.354926 -0.0802513 
1.29688 0.354562 -0.0811247 
1.30142 0.354191 -0.0819929 
1.30599 0.353815 -0.0828559 
1.31058 0.353433 -0.0837136 
1.31519 0.353045 -0.0845661 
1.31982 0.352651 -0.0854132 
1.32448 0.352251 -0.0862549 
1.32917 0.351845 -0.0870913 
1.33387 0.351433 -0.0879222 
1.33861 0.351015 -0.0887477 
1.34337 0.35059 -0.0895677 
1.34815 0.35016 -0.0903822 
1.35296 0.349724 -0.0911912 
1.35779 0.349281 -0.0919946 
1.36265 0.348832 -0.0927924 
1.36754 0.348376 -0.0935845 
1.37245 0.347914 -0.094371 
1.37739 0.347446 -0.0951517 
1.38236 0.346972 -0.0959267 
1.38736 0.34649 -0.096696 
1.39238 0.346003 -0.0974594 
1.39743 0.345508 -0.098217 
1.40251 0.345007 -0.0989686 
1.40762 0.3445 -0.0997144 
1.41276 0.343985 -0.100454 
1.41793 0.343464 -0.101188 
1.42313 0.342936 -0.101916 
1.42836 0.342401 -0.102637 
1.43362 0.341859 -0.103353 
1.43892 0.34131 -0.104062 
1.44424 0.340754 -0.104765 
1.4496 0.340191 -0.105462 
1.45499 0.339621 -0.106153 
1.46041 0.339044 -0.106837 
1.46586 0.338459 -0.107515 
1.47135 0.337867 -0.108186 
1.47688 0.337267 -0.108851 
1.48244 0.33666 -0.10951 
1.48803 0.336046 -0.110162 
1.49366 0.335424 -0.110807 
1.49933 0.334794 -0.111446 
1.50503 0.334157 -0.112078 
1.51077 0.333512 -0.112703 
1.51655 0.332859 -0.113321 
1.52237 0.332198 -0.113933 
1.52822 0.331529 -0.114537 
1.53412 0.330852 -0.115135 
1.54005 0.330167 -0.115725 
1.54603 0.329473 -0.116309 
1.55204 0.328772 -0.116885 
1.5581 0.328062 -0.117454 
1.5642 0.327343 -0.118016 
1.57035 0.326617 -0.118571 
1.57654 0.325881 -0.119118 
1.58277 0.325137 -0.119657 
1.58905 0.324384 -0.120189 
1.59537 0.323622 -0.120714 
1.60175 0.322851 -0.121231 
1.60817 0.322071 -0.12174 
1.61463 0.321283 -0.122242 
1.62115 0.320484 -0.122735 
1.62771 0.319677 -0.123221 
1.63433 0.31886 -0.123698 
 1.641 0.318034 -0.124168 
1.64772 0.317198 -0.124629 
1.65449 0.316352 -0.125083 
1.66132 0.315496 -0.125527 
1.6682 0.314631 -0.125964 
1.67514 0.313755 -0.126392 
1.68214 0.312869 -0.126811 
1.68919 0.311973 -0.127222 
1.69631 0.311067 -0.127624 
1.70348 0.31015 -0.128017 
1.71072 0.309222 -0.128401 
1.71802 0.308283 -0.128776 
1.72538 0.307334 -0.129142 
1.7328 0.306374 -0.129499 
1.7403 0.305402 -0.129847 
1.74786 0.304419 -0.130185 
1.75549 0.303424 -0.130513 
1.76319 0.302418 -0.130832 
1.77096 0.3014 -0.131141 
1.7788 0.300371 -0.13144 
1.78672 0.299329 -0.131729 
1.79471 0.298274 -0.132008 
1.80279 0.297208 -0.132276 
1.81094 0.296128 -0.132535 
1.81917 0.295036 -0.132782 
1.82749 0.293931 -0.133019 
1.83588 0.292813 -0.133245 
1.84437 0.291681 -0.13346 
1.85294 0.290536 -0.133665 
1.86161 0.289377 -0.133857 
1.87036 0.288204 -0.134039 
1.87921 0.287017 -0.134208 
1.88816 0.285816 -0.134366 
1.89721 0.2846 -0.134512 
1.90635 0.283369 -0.134646 
1.9156 0.282123 -0.134767 
1.92496 0.280862 -0.134876 
1.93442 0.279585 -0.134973 
1.94399 0.278292 -0.135056 
1.95368 0.276983 -0.135126 
1.96349 0.275658 -0.135183 
1.97341 0.274316 -0.135227 
1.98346 0.272958 -0.135256 
1.99363 0.271582 -0.135272 
2.00393 0.270188 -0.135273 
2.01436 0.268777 -0.13526 
2.02493 0.267348 -0.135232 
2.03563 0.265901 -0.13519 
2.04648 0.264434 -0.135131 
2.05747 0.262949 -0.135058 
2.06862 0.261445 -0.134968 
2.07991 0.259921 -0.134862 
2.09137 0.258376 -0.13474 
2.10298 0.256812 -0.134601 
2.11477 0.255227 -0.134445 
2.12672 0.253621 -0.134271 
2.13885 0.251994 -0.13408 
2.15115 0.250345 -0.133871 
2.16364 0.248674 -0.133643 
2.17632 0.246981 -0.133396 
2.18919 0.245266 -0.133131 
2.20226 0.243528 -0.132846 
2.21553 0.241767 -0.132541 
2.22901 0.239983 -0.132216 
2.2427 0.238176 -0.13187 
2.2566 0.236345 -0.131504 
2.27072 0.23449 -0.131116 
2.28507 0.232612 -0.130707 
2.29965 0.23071 -0.130276 
2.31445 0.228784 -0.129823 
2.32949 0.226835 -0.129347 
2.34477 0.224863 -0.128849 
2.36029 0.222868 -0.128328 
2.37604 0.22085 -0.127784 
2.39204 0.21881 -0.127217 
2.40828 0.216749 -0.126627 
2.42476 0.214667 -0.126014 
2.44147 0.212566 -0.125378 
2.45842 0.210446 -0.124719 
2.47561 0.208309 -0.124038 
2.49301 0.206156 -0.123334 
2.51064 0.203988 -0.122608 
2.52848 0.201807 -0.121862 
2.54652 0.199616 -0.121094 
2.56476 0.197415 -0.120307 
2.58318 0.195206 -0.1195 
2.60177 0.192992 -0.118675 
2.62052 0.190775 -0.117833 
2.63941 0.188557 -0.116974 
2.65843 0.18634 -0.1161 
2.67758 0.184126 -0.115212 
2.69682 0.181917 -0.11431 
2.71616 0.179715 -0.113397 
2.73558 0.177522 -0.112473 
2.75506 0.17534 -0.111539 
2.7746 0.17317 -0.110597 
2.79418 0.171014 -0.109648 
2.81379 0.168873 -0.108692 
2.83342 0.166748 -0.10773 
2.85307 0.164641 -0.106765 
2.87273 0.162552 -0.105795 
2.89238 0.160482 -0.104823 
2.91203 0.158432 -0.103848 
2.93167 0.156403 -0.102873 
2.95129 0.154394 -0.101896 
2.9709 0.152405 -0.10092 
2.99048 0.150438 -0.0999438 
3.01004 0.148493 -0.0989686 
3.02958 0.146568 -0.0979948 
3.0491 0.144665 -0.0970226 
3.06859 0.142784 -0.0960526 
3.08806 0.140923 -0.0950849 
3.1075 0.139084 -0.0941199 
3.12693 0.137265 -0.0931578 
3.14632 0.135467 -0.0921989 
3.1657 0.13369 -0.0912433 
3.18507 0.131932 -0.0902912 
3.20441 0.130195 -0.0893428 
3.22374 0.128477 -0.0883982 
3.24306 0.126779 -0.0874575 
3.26236 0.125099 -0.0865209 
3.28166 0.123439 -0.0855884 
3.30095 0.121796 -0.0846601 
3.32024 0.120173 -0.083736 
3.33952 0.118566 -0.0828163 
3.35881 0.116978 -0.081901 
3.3781 0.115407 -0.0809902 
3.3974 0.113853 -0.0800838 
3.41671 0.112315 -0.0791819 
3.43603 0.110794 -0.0782846 
3.45536 0.10929 -0.0773918 
3.47471 0.107801 -0.0765036 
3.49407 0.106328 -0.07562 
3.51346 0.10487 -0.0747411 
3.53288 0.103428 -0.0738667 
3.55232  0.102 -0.072997 
3.57179 0.100587 -0.072132 
3.59129 0.0991889 -0.0712716 
3.61083 0.0978049 -0.0704158 
3.6304 0.0964349 -0.0695647 
3.65001 0.0950788 -0.0687182 
3.66967 0.0937364 -0.0678764 
3.68937 0.0924074 -0.0670393 
3.70912 0.0910916 -0.0662068 
3.72892 0.089789 -0.0653789 
3.74877 0.0884993 -0.0645556 
3.76868 0.0872223 -0.063737 
3.78865 0.0859578 -0.062923 
3.80867 0.0847058 -0.0621137 
3.82877 0.083466 -0.0613089 
3.84892 0.0822383 -0.0605088 
3.86915 0.0810225 -0.0597133 
3.88945 0.0798185 -0.0589223 
3.90982 0.0786262 -0.058136 
3.93027 0.0774454 -0.0573542 
3.9508 0.076276 -0.056577 
3.97141 0.0751179 -0.0558044 
3.99211 0.0739708 -0.0550364 
4.01289 0.0728348 -0.0542729 
4.03377 0.0717097 -0.053514 
4.05474 0.0705954 -0.0527596 
4.07581 0.0694918 -0.0520097 
4.09698 0.0683987 -0.0512644 
4.11825 0.0673161 -0.0505236 
4.13963 0.0662439 -0.0497874 
4.16112 0.065182 -0.0490556 
4.18272 0.0641302 -0.0483284 
4.20444 0.0630885 -0.0476057 
4.22627 0.0620569 -0.0468875 
4.24823 0.0610351 -0.0461737 
4.27032 0.0600232 -0.0454645 
4.29253 0.0590211 -0.0447598 
4.31488 0.0580287 -0.0440596 
4.33737 0.0570458 -0.0433638 
4.35999 0.0560725 -0.0426725 
4.38276 0.0551087 -0.0419857 
4.40568 0.0541543 -0.0413034 
4.42876 0.0532093 -0.0406256 
4.45198 0.0522735 -0.0399522 
4.47537 0.0513469 -0.0392833 
4.49892 0.0504296 -0.0386188 
4.52265 0.0495213 -0.0379589 
4.54654 0.0486222 -0.0373033 
4.57062 0.047732 -0.0366523 
4.59487 0.0468508 -0.0360057 
4.61932 0.0459786 -0.0353635 
4.64396 0.0451152 -0.0347258 
4.66879 0.0442607 -0.0340926 
4.69383 0.043415 -0.0334638 
4.71908 0.042578 -0.0328395 
4.74454 0.0417499 -0.0322196 
4.77022 0.0409304 -0.0316042 
4.79613 0.0401196 -0.0309933 
4.82227 0.0393174 -0.0303868 
4.84865 0.0385239 -0.0297847 
4.87527 0.037739 -0.0291871 
4.90214 0.0369627 -0.0285939 
4.92927 0.036195 -0.0280052 
4.95667 0.0354358 -0.027421 
4.98434 0.0346852 -0.0268412 
5.01229 0.0339431 -0.0262658 
5.04053 0.0332095 -0.0256949 
5.06906 0.0324845 -0.0251284 
5.0979 0.031768 -0.0245664 
5.12705 0.03106 -0.0240088 
5.15653 0.0303605 -0.0234556 
5.18634 0.0296696 -0.0229069 
5.21649 0.0289873 -0.0223626 
5.24699 0.0283135 -0.0218228 
5.27785 0.0276483 -0.0212874 
5.30909 0.0269916 -0.0207563 
5.34072 0.0263437 -0.0202297 
5.37274 0.0257043 -0.0197075 
5.40517 0.0250737 -0.0191897 
5.43802 0.0244518 -0.0186763 
5.47131 0.0238386 -0.0181672 
5.50505 0.0232343 -0.0176625 
5.53925 0.0226389 -0.0171622 
5.57393 0.0220524 -0.0166661 
5.60911 0.0214748 -0.0161744 
5.6448 0.0209064 -0.0156869 
5.68102 0.0203471 -0.0152037 
5.71778 0.019797 -0.0147247 
5.75511 0.0192563 -0.0142499 
5.79303 0.018725 -0.0137793 
5.83156 0.0182033 -0.0133128 
5.87071 0.0176912 -0.0128503 
5.91051 0.017189 -0.0123919 
5.95099 0.0166967 -0.0119374 
5.99216 0.0162146 -0.0114868 
6.03406 0.0157428 -0.0110401 
6.07671 0.0152815 -0.010597 
6.12014 0.0148309 -0.0101576 
6.16438 0.0143913 -0.00972177 
6.20946 0.013963 -0.00928935 
6.25541 0.0135461 -0.00886022 
6.30227 0.0131411 -0.00843426 
6.35006 0.0127483 -0.0080113 
6.39882 0.012368 -0.00759116 
6.44859 0.0120007 -0.00717366 
6.4994 0.0116469 -0.00675856 
6.5513 0.011307 -0.00634564 
6.60431 0.0109817 -0.00593462 
6.65847 0.0106715 -0.00552521 
6.71382 0.0103771 -0.0051171 
6.77039 0.0100993 -0.00470991 
6.8282 0.00983889 -0.00430328 
6.88728 0.0095968 -0.00389679 
6.94764 0.00937399 -0.00348998 
7.00929 0.00917154 -0.00308239 
7.07221 0.00899056 -0.00267352 
7.13638 0.00883227 -0.00226286 
7.20177 0.00869791 -0.0018499 
7.26829 0.00858875 -0.00143412 
7.33586 0.00850606 -0.00101507 
7.40434 0.00845106 -0.000592285 
7.47358 0.00842484 -0.000165416 
7.54339 0.00842833 0.000265829 
7.61355 0.00846222 0.000701635 
7.68381 0.00852692 0.00114208 
7.75392 0.0086225 0.00158716 
7.82361 0.00874866 0.00203673 
7.89264 0.00890476 0.00249061 
7.96076 0.00908985 0.00294855 
     8 0.00921079 0.00321759 
